loaded path: experimentOutputs/text_aic=1.0_arity=4_BO=False_ET=60_HR=0.5_it=1_MF=5_baseline=False_pc=30.0_RT=1_storeTaskMetrics=True_L=1.0_taskReranker=default_K=2_topkNotMAP=False_rec=True_feat=LearnedFeatureExtractor_graph=True.pickle
Has recognitionTaskTimes
{'taskLogProductions': array([-0.07236443, -0.00615638, -0.02765829, -0.0016683 , -0.18500042,
        0.22024858, -0.19767135, -0.09306587,  0.1649197 ,  0.04142933,
       -0.17660041, -0.14838636, -0.09076964, -0.01663062, -0.05764209,
       -0.04799916,  0.03636062, -0.05811138,  0.05022412, -0.41659868,
       -0.25003695,  0.11418177, -0.29107434, -0.01161207], dtype=float32), 'taskGrammarEntropies': array(3.168427, dtype=float32)}
{'taskLogProductions': array([-0.0764396 , -0.02908836, -0.01908637, -0.00974989, -0.2845311 ,
        0.22198203, -0.24077585, -0.02914576,  0.19228384, -0.00750291,
       -0.06346782, -0.10638846, -0.12887375, -0.0671691 , -0.04257715,
       -0.0889082 ,  0.02580452, -0.07091547,  0.04737743, -0.40945297,
       -0.21132451,  0.05467938, -0.31608403, -0.03959856], dtype=float32), 'taskGrammarEntropies': array(3.168267, dtype=float32)}
{'taskLogProductions': array([-0.10145021, -0.07041287, -0.00247391, -0.04390623, -0.21006939,
        0.20254007, -0.1917018 , -0.11598965,  0.20891629,  0.0372161 ,
       -0.04595771, -0.10227471, -0.106919  , -0.06815051, -0.04541744,
       -0.08119169,  0.00215416, -0.05141125,  0.08261137, -0.3489281 ,
       -0.24823621,  0.03755888, -0.25301963,  0.00321941], dtype=float32), 'taskGrammarEntropies': array(3.1697257, dtype=float32)}
{'taskLogProductions': array([-0.10408746, -0.04827524, -0.03764042, -0.00796992, -0.20720294,
        0.19429839, -0.19687885, -0.14373876,  0.17639005,  0.03907714,
       -0.11242639, -0.13274953, -0.10783394, -0.0193395 , -0.02598852,
       -0.04873616, -0.01051084, -0.05902354,  0.08329482, -0.38150722,
       -0.26349363,  0.04246284, -0.25218177, -0.01422104], dtype=float32), 'taskGrammarEntropies': array(3.169611, dtype=float32)}
{'taskLogProductions': array([-0.07256542,  0.05688596, -0.07192637, -0.0165122 , -0.27059713,
        0.1673943 , -0.1788919 , -0.08362154,  0.13675632, -0.00450265,
       -0.09124167, -0.09792278, -0.12608892,  0.00935679, -0.06148244,
        0.02826281,  0.04514888, -0.0707662 ,  0.08482114, -0.37117994,
       -0.24549665,  0.02983794, -0.29613465, -0.04199855], dtype=float32), 'taskGrammarEntropies': array(3.1698105, dtype=float32)}
{'taskLogProductions': array([-0.0713053 , -0.12973848,  0.03787542, -0.02682553, -0.31082356,
        0.20307058, -0.22694153, -0.13223885,  0.32313678, -0.0656249 ,
       -0.05713427, -0.11356329, -0.12130407, -0.1351305 , -0.06744529,
       -0.16363962,  0.00199832, -0.09154665,  0.04667464, -0.3917089 ,
       -0.19772093, -0.01158973, -0.32348758,  0.01671478], dtype=float32), 'taskGrammarEntropies': array(3.1658106, dtype=float32)}
{'taskLogProductions': array([-0.06396975, -0.09632563,  0.01321434,  0.01906428, -0.27627385,
        0.20578551, -0.18391009, -0.09870874,  0.26099592, -0.01646543,
       -0.15991741, -0.11726821, -0.11779389, -0.10764405, -0.04562984,
       -0.12069836, -0.01566871, -0.07458304,  0.0874754 , -0.38201618,
       -0.24170543,  0.03651802, -0.29921615, -0.02546683], dtype=float32), 'taskGrammarEntropies': array(3.1674862, dtype=float32)}
{'taskLogProductions': array([-0.10360241, -0.08453348, -0.01401679,  0.0092366 , -0.3057213 ,
        0.1750025 , -0.1938285 , -0.09784572,  0.25321844, -0.0314623 ,
       -0.04225502, -0.08280855, -0.14913896, -0.09944028, -0.02290341,
       -0.107724  , -0.0563687 , -0.03576795,  0.08020718, -0.3685283 ,
       -0.26541254, -0.00772366, -0.30502814, -0.0357307 ], dtype=float32), 'taskGrammarEntropies': array(3.1682098, dtype=float32)}
{'taskLogProductions': array([-0.02979141,  0.02695866, -0.07799011,  0.03729354, -0.2471712 ,
        0.17403984, -0.13722959, -0.10676885,  0.15195681, -0.01292101,
       -0.25069246, -0.1285055 , -0.12332635, -0.04144429, -0.07191393,
        0.02030764,  0.04113363, -0.04759232,  0.1201868 , -0.44716388,
       -0.27229246,  0.12450439, -0.29115096, -0.03906467], dtype=float32), 'taskGrammarEntropies': array(3.1674235, dtype=float32)}
{'taskLogProductions': array([-0.07852763, -0.00794149, -0.04119793, -0.04337306, -0.21708506,
        0.1723528 , -0.16502264, -0.0938876 ,  0.20322114, -0.02971942,
       -0.10994589, -0.11695812, -0.12482721, -0.04179052, -0.10131118,
       -0.03191237, -0.00365242, -0.018002  ,  0.09635962, -0.2726033 ,
       -0.26265627, -0.00094845, -0.23177326, -0.06549595], dtype=float32), 'taskGrammarEntropies': array(3.1711001, dtype=float32)}
{'taskLogProductions': array([-0.03549159, -0.05945794, -0.06157827, -0.02605893, -0.30483934,
        0.19630206, -0.19488978, -0.06843533,  0.2470212 , -0.07336024,
       -0.13054775, -0.12839654, -0.07246003, -0.09193817, -0.0193329 ,
       -0.06257845,  0.00952515, -0.03601309,  0.12239261, -0.3599992 ,
       -0.20715103,  0.08815707, -0.23829684, -0.02015881], dtype=float32), 'taskGrammarEntropies': array(3.1684062, dtype=float32)}
{'taskLogProductions': array([-0.11198346, -0.09751774, -0.02853565, -0.02011768, -0.19914919,
        0.23013765, -0.1873847 , -0.08518151,  0.18089852,  0.00329545,
       -0.05654804, -0.09917382, -0.09393148, -0.03578691, -0.05144678,
       -0.06320152, -0.02517492, -0.05020159,  0.05139278, -0.30360636,
       -0.29345697,  0.07424714, -0.25621754,  0.01326286], dtype=float32), 'taskGrammarEntropies': array(3.1700046, dtype=float32)}
{'taskLogProductions': array([-0.06749438, -0.0049997 , -0.05565848, -0.03675339, -0.28091958,
        0.20335689, -0.17533742, -0.08736045,  0.19782855, -0.09272938,
       -0.22730908, -0.15557009, -0.0519434 , -0.05106985, -0.05829589,
       -0.08022194, -0.02535158, -0.03636556,  0.16053057, -0.35340592,
       -0.21058095,  0.07756343, -0.24439202,  0.03154892], dtype=float32), 'taskGrammarEntropies': array(3.1683745, dtype=float32)}
{'taskLogProductions': array([-0.07120007,  0.04266429, -0.03766332, -0.03726409, -0.19840777,
        0.23176062, -0.22206184, -0.07122593,  0.14114587,  0.03615595,
       -0.15630019, -0.14389974, -0.07693324, -0.05134655, -0.11557223,
       -0.01736942,  0.02187298, -0.08293512, -0.01119719, -0.42406666,
       -0.226146  ,  0.00583825, -0.26840532, -0.01483707], dtype=float32), 'taskGrammarEntropies': array(3.1693258, dtype=float32)}
{'taskLogProductions': array([-0.04441203,  0.00545635, -0.07103218, -0.0433476 , -0.2978209 ,
        0.2037104 , -0.25038105, -0.03372179,  0.20521604, -0.04610275,
       -0.13128468, -0.1288828 , -0.09570123, -0.0464428 , -0.09278026,
       -0.08644146,  0.05755332, -0.001049  ,  0.16086933, -0.30750763,
       -0.19816974,  0.11158383, -0.25734055, -0.00267119], dtype=float32), 'taskGrammarEntropies': array(3.1682155, dtype=float32)}
{'taskLogProductions': array([-0.08710881, -0.12363636, -0.00484416,  0.0189524 , -0.29035792,
        0.1917547 , -0.17708856, -0.125175  ,  0.26789463, -0.10072652,
       -0.13767628, -0.08294327, -0.1370709 , -0.09996168, -0.02193262,
       -0.15191491, -0.05047203, -0.04567675,  0.09459314, -0.358308  ,
       -0.2583133 ,  0.06981997, -0.26612112,  0.02434322], dtype=float32), 'taskGrammarEntropies': array(3.167425, dtype=float32)}
{'taskLogProductions': array([-0.07620861, -0.09797537,  0.00337279, -0.01434904, -0.25157732,
        0.18722767, -0.18912749, -0.07814814,  0.26193172, -0.02242919,
       -0.15234996, -0.16371977, -0.09270351, -0.07250208, -0.0562544 ,
       -0.09133219,  0.03363831, -0.08198136,  0.09215334, -0.35162392,
       -0.20736152,  0.11174929, -0.28054434, -0.02466823], dtype=float32), 'taskGrammarEntropies': array(3.168074, dtype=float32)}
{'taskLogProductions': array([-0.03965456, -0.03004471, -0.04101343, -0.01917244, -0.2194213 ,
        0.18888408, -0.18585704, -0.08243266,  0.1811766 ,  0.02064411,
       -0.13611676, -0.14565912, -0.10096312, -0.0046261 , -0.03286132,
       -0.06074314,  0.07830431, -0.08479439,  0.10997159, -0.36062685,
       -0.26859236,  0.1005148 , -0.2900151 , -0.01035909], dtype=float32), 'taskGrammarEntropies': array(3.1688023, dtype=float32)}
{'taskLogProductions': array([-0.07602622, -0.09946629,  0.00708605, -0.01248339, -0.32579744,
        0.14641447, -0.19764715, -0.08802333,  0.26426113, -0.04653337,
       -0.04296699, -0.09950418, -0.13738419, -0.07206494, -0.02680684,
       -0.08757314, -0.00803592, -0.02145621,  0.1391913 , -0.28676414,
       -0.22487655,  0.0271052 , -0.27326733, -0.0467007 ], dtype=float32), 'taskGrammarEntropies': array(3.1688807, dtype=float32)}
{'taskLogProductions': array([-0.10071292, -0.07873573, -0.01231318, -0.05065123, -0.20468584,
        0.17759547, -0.21667466, -0.10685305,  0.23374084, -0.04463374,
       -0.07781859, -0.10026635, -0.08853351, -0.07580623, -0.10482566,
       -0.1094007 , -0.0015328 , -0.02204112,  0.06768169, -0.32660457,
       -0.23076683,  0.05725202, -0.25870866,  0.02495398], dtype=float32), 'taskGrammarEntropies': array(3.1698778, dtype=float32)}
{'taskLogProductions': array([-0.08983135, -0.03807148, -0.08040027,  0.01564432, -0.27073324,
        0.10878883, -0.11365122, -0.19098176,  0.19356775, -0.05517589,
       -0.17332773, -0.12092903, -0.13986674, -0.02707467, -0.02428699,
        0.00853904,  0.00088661, -0.04307734,  0.11311641, -0.3928764 ,
       -0.22638796,  0.1210015 , -0.27591792, -0.03641196], dtype=float32), 'taskGrammarEntropies': array(3.1690376, dtype=float32)}
{'taskLogProductions': array([-0.1278841 , -0.0631211 , -0.01568942, -0.00753535, -0.23512173,
        0.20615688, -0.2039956 , -0.13289997,  0.21130459, -0.06450982,
       -0.14652595, -0.09548187, -0.08277233, -0.06066743, -0.04100204,
       -0.13351654, -0.06797087, -0.07030011,  0.01654077, -0.44156313,
       -0.2028409 ,  0.02313745, -0.25732243,  0.0146687 ], dtype=float32), 'taskGrammarEntropies': array(3.168989, dtype=float32)}
{'taskLogProductions': array([-0.07560109, -0.02487309, -0.05866373, -0.01706874, -0.23400462,
        0.17661819, -0.18626995, -0.06680992,  0.19329299, -0.06887975,
       -0.20293199, -0.15321663, -0.07111965, -0.02805934, -0.08287644,
       -0.05549574, -0.01834992, -0.02088327,  0.10519624, -0.3743668 ,
       -0.21135888,  0.10867965, -0.25991344,  0.01824506], dtype=float32), 'taskGrammarEntropies': array(3.1692457, dtype=float32)}
{'taskLogProductions': array([-0.07962939, -0.07647038, -0.01041609,  0.00789316, -0.27765796,
        0.18061271, -0.21289724, -0.13650137,  0.21840033, -0.02773997,
       -0.13841583, -0.11427281, -0.11999959, -0.03841972, -0.05126591,
       -0.04647148,  0.02183899, -0.06332691,  0.07158194, -0.39478815,
       -0.23864691,  0.11839494, -0.30856475,  0.0089055 ], dtype=float32), 'taskGrammarEntropies': array(3.1678612, dtype=float32)}
{'taskLogProductions': array([-0.04947845, -0.04333979, -0.00753536, -0.04815643, -0.20245615,
        0.20599887, -0.1596797 , -0.1632599 ,  0.20685787,  0.04938194,
       -0.09146118, -0.16966406, -0.11387085, -0.05678912, -0.08642793,
       -0.02978709, -0.00262469, -0.10730195,  0.03108378, -0.3843215 ,
       -0.27678052,  0.08676156, -0.239216  ,  0.00701231], dtype=float32), 'taskGrammarEntropies': array(3.1689434, dtype=float32)}
{'taskLogProductions': array([-0.09618264, -0.03173888, -0.031919  , -0.04385675, -0.20398173,
        0.23253429, -0.23396622, -0.10135132,  0.2003683 , -0.00616894,
       -0.0658211 , -0.09036193, -0.05823705, -0.07605907, -0.076877  ,
       -0.07996156,  0.02980085, -0.05144048,  0.01354405, -0.39097103,
       -0.26180965,  0.03485687, -0.29709095,  0.02893922], dtype=float32), 'taskGrammarEntropies': array(3.1687915, dtype=float32)}
{'taskLogProductions': array([-0.07851858, -0.09429579, -0.06467116,  0.00191087, -0.2422427 ,
        0.22557226, -0.1633862 , -0.1009527 ,  0.22206452, -0.0554077 ,
       -0.10352632, -0.11846469, -0.08695713,  0.00970314, -0.07929055,
        0.00939834, -0.00285449, -0.09039614, -0.00600918, -0.42622328,
       -0.2337599 ,  0.08652972, -0.2561419 ,  0.05726446], dtype=float32), 'taskGrammarEntropies': array(3.168301, dtype=float32)}
{'taskLogProductions': array([-0.09410675, -0.04124296, -0.05920594, -0.01119173, -0.20140585,
        0.17765972, -0.23552044, -0.11738271,  0.16588245,  0.00210249,
       -0.17114249, -0.09600196, -0.10119493, -0.06433997, -0.03497685,
       -0.02263185,  0.03591172, -0.01160132,  0.03219198, -0.44368064,
       -0.22972718,  0.10331386, -0.31522453,  0.01108592], dtype=float32), 'taskGrammarEntropies': array(3.1686502, dtype=float32)}
{'taskLogProductions': array([ 0.0149269 ,  0.04086388, -0.01948288, -0.03370902, -0.23606414,
        0.18906727, -0.16658208, -0.10434371,  0.16603704,  0.0604495 ,
       -0.15924203, -0.20824671, -0.07351549, -0.04478645, -0.07358086,
       -0.01358889,  0.06797543, -0.0755277 ,  0.13502696, -0.36572605,
       -0.23653033,  0.05877317, -0.30420768, -0.05500757], dtype=float32), 'taskGrammarEntropies': array(3.168378, dtype=float32)}
{'taskLogProductions': array([-0.03587667, -0.01199127, -0.0774041 , -0.01218505, -0.18743563,
        0.14254126, -0.12925363, -0.11287642,  0.13106905,  0.08504722,
       -0.16676852, -0.17096552, -0.10477288,  0.00859709, -0.06824525,
       -0.00475954,  0.03194642, -0.06539969,  0.1348578 , -0.38587332,
       -0.25565705,  0.04786741, -0.25815737, -0.02008118], dtype=float32), 'taskGrammarEntropies': array(3.1699603, dtype=float32)}
{'taskLogProductions': array([-0.07245854, -0.04819267, -0.00265197, -0.04079647, -0.29341993,
        0.23037732, -0.23903891, -0.05442943,  0.26444992, -0.05273702,
       -0.11789214, -0.09292915, -0.10123338, -0.09438585, -0.05140175,
       -0.10947265,  0.0007209 , -0.02681674,  0.10120311, -0.31724298,
       -0.20412357,  0.03411859, -0.27365404, -0.01238868], dtype=float32), 'taskGrammarEntropies': array(3.1680515, dtype=float32)}
{'taskLogProductions': array([-0.07876875, -0.10646673,  0.01584446, -0.02807201, -0.24713865,
        0.211368  , -0.17695284, -0.07257412,  0.23816648, -0.028258  ,
       -0.05831809, -0.08554242, -0.09296817, -0.066854  , -0.0469186 ,
       -0.06307717, -0.02839111, -0.06997358, -0.00614109, -0.34653264,
       -0.2602992 ,  0.04541473, -0.2524239 ,  0.02840003], dtype=float32), 'taskGrammarEntropies': array(3.1694682, dtype=float32)}
{'taskLogProductions': array([-0.05811441, -0.01343593, -0.06860353,  0.01377341, -0.19993603,
        0.17026365, -0.08744118, -0.16444117,  0.13038255,  0.05107799,
       -0.21442208, -0.1402542 , -0.10717104, -0.02659862, -0.09761545,
        0.06008598, -0.04070278, -0.01928125,  0.10614634, -0.3578476 ,
       -0.27862477,  0.09250616, -0.24995163, -0.014213  ], dtype=float32), 'taskGrammarEntropies': array(3.169613, dtype=float32)}
{'taskLogProductions': array([-0.09202267, -0.07393452, -0.02996763, -0.02183667, -0.2647889 ,
        0.17876628, -0.21485479, -0.19066542,  0.21369678, -0.0351622 ,
       -0.07542805, -0.1161212 , -0.1061208 , -0.08443747, -0.07883798,
       -0.05683981, -0.00276425, -0.04535974,  0.07381342, -0.37801072,
       -0.24011008,  0.03922057, -0.29463512, -0.0036566 ], dtype=float32), 'taskGrammarEntropies': array(3.1689188, dtype=float32)}
{'taskLogProductions': array([-0.09818895, -0.10059091,  0.02259615,  0.01426125, -0.27451462,
        0.21227127, -0.1741246 , -0.07359101,  0.23705378, -0.01983719,
       -0.07423978, -0.09898765, -0.11007795, -0.05354147, -0.02803086,
       -0.10576218, -0.00875887, -0.0959184 ,  0.06717735, -0.32372585,
       -0.24861695,  0.04657345, -0.25146848,  0.00124638], dtype=float32), 'taskGrammarEntropies': array(3.1690698, dtype=float32)}
{'taskLogProductions': array([-0.07045239, -0.01638017, -0.03836448, -0.06222683, -0.17776895,
        0.18578407, -0.21372905, -0.09723681,  0.17852366,  0.01865011,
       -0.0878384 , -0.1006754 , -0.09491462, -0.05516109, -0.07436213,
       -0.0462798 ,  0.06252226, -0.04229193,  0.09452519, -0.3221772 ,
       -0.24710977,  0.06447716, -0.27941424, -0.0369834 ], dtype=float32), 'taskGrammarEntropies': array(3.1702678, dtype=float32)}
{'taskLogProductions': array([-0.08270482, -0.03363585, -0.04684034, -0.03258423, -0.19150582,
        0.17885621, -0.17739983, -0.19469942,  0.175538  ,  0.01161625,
       -0.11304423, -0.14063758, -0.10486699, -0.04310612, -0.08060135,
       -0.04092281, -0.01838584, -0.04636607,  0.04195275, -0.39812014,
       -0.27822748,  0.05015177, -0.25757802,  0.02012679], dtype=float32), 'taskGrammarEntropies': array(3.1697576, dtype=float32)}
{'taskLogProductions': array([-0.1027069 , -0.09588902, -0.06953238,  0.01328812, -0.2704473 ,
        0.17723468, -0.19540462, -0.12401183,  0.2482073 , -0.04901411,
       -0.16830008, -0.14700904, -0.10332081, -0.0181575 , -0.03294355,
       -0.07760605, -0.01388748, -0.04408497,  0.11887345, -0.41485965,
       -0.24085253,  0.10459515, -0.3015053 , -0.00667395], dtype=float32), 'taskGrammarEntropies': array(3.1670957, dtype=float32)}
{'taskLogProductions': array([-0.04347517,  0.00277206, -0.10611068, -0.0066698 , -0.25427303,
        0.12967902, -0.1468298 , -0.16139716,  0.15148622, -0.01294925,
       -0.2366196 , -0.13700935, -0.10667319, -0.04179466, -0.07151225,
        0.03037304, -0.00665256,  0.01905418,  0.15933502, -0.38597336,
       -0.22240286,  0.06686162, -0.24407192, -0.0228034 ], dtype=float32), 'taskGrammarEntropies': array(3.1692574, dtype=float32)}
{'taskLogProductions': array([-0.0984893 , -0.13831139, -0.01723585,  0.03798532, -0.21772787,
        0.19718423, -0.17498112, -0.15711328,  0.20957495, -0.01419824,
       -0.12208589, -0.10224021, -0.12770018, -0.0359337 , -0.05688362,
       -0.0501863 , -0.01450924, -0.0547299 ,  0.02323679, -0.44021007,
       -0.2795983 ,  0.12131825, -0.28711993,  0.08320302], dtype=float32), 'taskGrammarEntropies': array(3.1674345, dtype=float32)}
{'taskLogProductions': array([-0.06669449, -0.0964453 , -0.01878532,  0.00818003, -0.22254753,
        0.17253172, -0.12059117, -0.17841795,  0.16637364,  0.00676066,
       -0.04175367, -0.10631474, -0.13010499, -0.07865918, -0.06093171,
       -0.03449033, -0.0387861 , -0.07029933,  0.05341934, -0.3774656 ,
       -0.2911348 ,  0.08232051, -0.27763754,  0.03535818], dtype=float32), 'taskGrammarEntropies': array(3.169729, dtype=float32)}
{'taskLogProductions': array([-0.05989612, -0.08925312, -0.02163953, -0.00887312, -0.2676646 ,
        0.20156077, -0.20945628, -0.06744985,  0.2417251 , -0.02372353,
       -0.12641709, -0.12934852, -0.1145025 , -0.04968653, -0.00304364,
       -0.10585381,  0.02695363, -0.06011625,  0.07354505, -0.40195826,
       -0.2708898 ,  0.10901092, -0.31403682, -0.00522436], dtype=float32), 'taskGrammarEntropies': array(3.1671505, dtype=float32)}
{'taskLogProductions': array([-0.06449157, -0.0721138 , -0.04239327,  0.01396262, -0.31113732,
        0.17200401, -0.19184092, -0.06080139,  0.25133216, -0.05590897,
       -0.07538073, -0.06758929, -0.11963247, -0.08248748, -0.03292127,
       -0.04346135, -0.03893551, -0.01036727,  0.07028846, -0.35415563,
       -0.2242846 ,  0.00542072, -0.2728926 , -0.04379801], dtype=float32), 'taskGrammarEntropies': array(3.1692102, dtype=float32)}
{'taskLogProductions': array([-0.0839392 , -0.10207818, -0.01825981, -0.0108602 , -0.28854102,
        0.1910433 , -0.17788461, -0.11060497,  0.24332036,  0.01766209,
       -0.06309558, -0.07943309, -0.13830519, -0.105775  , -0.00418326,
       -0.10594339, -0.01094578, -0.0144418 ,  0.13918443, -0.35351717,
       -0.23736617,  0.0106873 , -0.27191246,  0.01027818], dtype=float32), 'taskGrammarEntropies': array(3.168262, dtype=float32)}
{'taskLogProductions': array([-0.06049816, -0.07523344, -0.04896514, -0.03291543, -0.18996444,
        0.22200635, -0.19207147, -0.12587455,  0.20449986,  0.01265353,
       -0.15303266, -0.16263252, -0.07794114, -0.01739527, -0.09951042,
       -0.02093165, -0.00496933, -0.05435511,  0.04001319, -0.40142244,
       -0.28737304,  0.08344744, -0.27369487,  0.01832136], dtype=float32), 'taskGrammarEntropies': array(3.1683447, dtype=float32)}
{'taskLogProductions': array([-0.04788076,  0.01516429, -0.03264954, -0.02701725, -0.28017786,
        0.2183621 , -0.13745353, -0.07898702,  0.1640673 , -0.0072669 ,
       -0.14441642, -0.08300409, -0.09003176, -0.09916738, -0.07750921,
       -0.0654645 , -0.04485492, -0.04717992,  0.07818463, -0.3827904 ,
       -0.22838919,  0.05264364, -0.2535361 ,  0.003305  ], dtype=float32), 'taskGrammarEntropies': array(3.1696877, dtype=float32)}
{'taskLogProductions': array([-0.06673758, -0.03609013, -0.02592998,  0.02917936, -0.293964  ,
        0.14244705, -0.15768847, -0.07818852,  0.20572603, -0.01469868,
       -0.1427964 , -0.1275562 , -0.15822855, -0.04389872, -0.06391503,
       -0.03168333,  0.00143638, -0.04747576,  0.10866503, -0.3508203 ,
       -0.21336344,  0.08263348, -0.3228851 , -0.05257402], dtype=float32), 'taskGrammarEntropies': array(3.1691253, dtype=float32)}
{'taskLogProductions': array([-0.10996571, -0.08012782, -0.03166351, -0.00652561, -0.2217828 ,
        0.14751929, -0.16619109, -0.12739491,  0.20372479, -0.04165625,
       -0.12558556, -0.12727737, -0.11827198, -0.01185836, -0.07246004,
       -0.04215524, -0.01708181, -0.06707547,  0.04916618, -0.39249572,
       -0.23999785,  0.04211053, -0.24632575,  0.03595982], dtype=float32), 'taskGrammarEntropies': array(3.1701808, dtype=float32)}
{'taskLogProductions': array([-0.07429937, -0.03667754, -0.05058765, -0.01657068, -0.22166166,
        0.19744813, -0.19556475, -0.07302882,  0.17403647, -0.04223392,
       -0.18993157, -0.14989048, -0.05550624,  0.00069594, -0.08507119,
       -0.00200376, -0.02172086, -0.01095071,  0.05281475, -0.3566518 ,
       -0.21333075,  0.12423712, -0.27509636, -0.00864431], dtype=float32), 'taskGrammarEntropies': array(3.16956, dtype=float32)}
{'taskLogProductions': array([-7.5754374e-02, -4.7556974e-02,  3.7202835e-03,  6.1094493e-02,
       -1.9956654e-01,  1.3947125e-01, -1.4373444e-01, -1.2877789e-01,
        1.7323405e-01, -5.6774393e-03, -1.3403469e-01, -1.1973225e-01,
       -1.4123228e-01, -2.9824756e-02, -4.6928346e-02, -2.6784465e-03,
        3.2213330e-04, -8.9299329e-02,  2.8441064e-02, -3.9132982e-01,
       -2.3427768e-01,  1.1750056e-01, -3.1376350e-01, -2.9173750e-02],
      dtype=float32), 'taskGrammarEntropies': array(3.1697273, dtype=float32)}
{'taskLogProductions': array([-0.08144416, -0.0727324 , -0.01029617, -0.00198518, -0.20920333,
        0.1422838 , -0.2049501 , -0.04096514,  0.22081228, -0.0695479 ,
       -0.21462986, -0.12451101, -0.09466531, -0.03631861, -0.06532365,
       -0.08247199,  0.01667302, -0.01696263,  0.07555515, -0.34950852,
       -0.19937468,  0.06855041, -0.27902046, -0.0115257 ], dtype=float32), 'taskGrammarEntropies': array(3.1698537, dtype=float32)}
{'taskLogProductions': array([-0.01819964, -0.04697505, -0.10133123, -0.02215048, -0.16917047,
        0.16555265, -0.16180183, -0.1645508 ,  0.18199393,  0.02339603,
       -0.21862057, -0.16444814, -0.07016286, -0.00200164, -0.11204457,
       -0.00600223, -0.00730348,  0.01261434,  0.12932761, -0.402524  ,
       -0.2787371 ,  0.1358019 , -0.2533466 ,  0.034796  ], dtype=float32), 'taskGrammarEntropies': array(3.168064, dtype=float32)}
{'taskLogProductions': array([-0.07084294, -0.05779029,  0.01623755, -0.04340281, -0.270095  ,
        0.19404414, -0.27093893, -0.03391543,  0.21823376, -0.08410604,
       -0.04714948, -0.12973666, -0.05296563, -0.08216271, -0.0590094 ,
       -0.09106985,  0.02658008, -0.05243129,  0.01614676, -0.37047726,
       -0.15594444,  0.05719397, -0.28732133,  0.00496998], dtype=float32), 'taskGrammarEntropies': array(3.1691852, dtype=float32)}
{'taskLogProductions': array([-0.08984829, -0.00517546, -0.03636795, -0.071239  , -0.21294427,
        0.18507084, -0.20550859, -0.06568921,  0.184046  , -0.08591177,
       -0.14028712, -0.10876638, -0.07585761, -0.03398251, -0.09134907,
       -0.08630726,  0.01061188, -0.02619302,  0.08369973, -0.3171731 ,
       -0.21775559, -0.01729266, -0.24357855,  0.00114115], dtype=float32), 'taskGrammarEntropies': array(3.1709406, dtype=float32)}
{'taskLogProductions': array([-0.04901373,  0.01744496, -0.01271709, -0.07294316, -0.19308782,
        0.24226269, -0.17950094, -0.11498461,  0.16105422,  0.03207961,
       -0.11728781, -0.16002986, -0.09507242, -0.14582175, -0.09291336,
       -0.06259814, -0.02131584, -0.08030419, -0.00889467, -0.36996567,
       -0.23612097,  0.04246677, -0.23531263, -0.00333992], dtype=float32), 'taskGrammarEntropies': array(3.1698315, dtype=float32)}
{'taskLogProductions': array([-0.10774931, -0.11917111, -0.02050404, -0.00726736, -0.26440394,
        0.17942527, -0.17992784, -0.10107578,  0.23588009,  0.02695833,
       -0.07316265, -0.06724036, -0.17626557, -0.06890188, -0.03849293,
       -0.08414259, -0.03047743, -0.04176668,  0.07748641, -0.33931592,
       -0.2522112 ,  0.00925665, -0.25854093,  0.02178363], dtype=float32), 'taskGrammarEntropies': array(3.1692176, dtype=float32)}
{'taskLogProductions': array([-0.06687512, -0.08322182, -0.07136175, -0.05920402, -0.27507457,
        0.15994975, -0.20823818, -0.122519  ,  0.24206236, -0.08877417,
       -0.09366407, -0.13397488, -0.11378268, -0.06911841, -0.04229242,
       -0.07529385,  0.04811905, -0.07274285,  0.12420238, -0.3718416 ,
       -0.22195104,  0.05979407, -0.26947677,  0.00724409], dtype=float32), 'taskGrammarEntropies': array(3.168529, dtype=float32)}
{'taskLogProductions': array([-0.05094393,  0.03519591, -0.04107436, -0.00742666, -0.20810178,
        0.18251783, -0.15705693, -0.05168393,  0.12562129,  0.01419113,
       -0.14358766, -0.15252502, -0.06177901,  0.01797204, -0.05487959,
       -0.0310216 ,  0.03301165, -0.1304192 ,  0.05130106, -0.39084053,
       -0.25891006,  0.05327372, -0.25674933, -0.02093296], dtype=float32), 'taskGrammarEntropies': array(3.170251, dtype=float32)}
{'taskLogProductions': array([-0.08771088, -0.06535398, -0.01514588, -0.01869367, -0.24846232,
        0.16831446, -0.17303754, -0.15060881,  0.21952279,  0.02935527,
       -0.08660968, -0.15644151, -0.15291572, -0.08102128, -0.03384498,
       -0.06133868,  0.00629245, -0.08838467,  0.11228883, -0.32732955,
       -0.21536726,  0.08723661, -0.31598622, -0.0357863 ], dtype=float32), 'taskGrammarEntropies': array(3.1689153, dtype=float32)}
{'taskLogProductions': array([-0.03000274, -0.00830474, -0.024556  , -0.06102626, -0.27604374,
        0.22133872, -0.17296115, -0.05098157,  0.18126094,  0.02908349,
       -0.02403233, -0.12634006, -0.09332488, -0.04528026, -0.11944775,
        0.00482226, -0.00516373, -0.03446343,  0.0453292 , -0.30928   ,
       -0.2321361 ,  0.0411572 , -0.25413412, -0.03725464], dtype=float32), 'taskGrammarEntropies': array(3.170188, dtype=float32)}
{'taskLogProductions': array([-1.37299106e-01, -1.25560731e-01,  6.95510954e-03,  8.01783055e-03,
       -2.36429960e-01,  1.59300163e-01, -2.24218071e-01, -1.26178622e-01,
        2.35553756e-01,  1.48095191e-04, -1.23333953e-01, -1.50383741e-01,
       -1.14474505e-01, -6.24471009e-02, -4.29001004e-02, -1.05548821e-01,
       -7.83881918e-03, -3.84315774e-02,  8.23098868e-02, -3.90043795e-01,
       -2.54217684e-01,  1.27905831e-01, -2.99514353e-01, -2.59899870e-02],
      dtype=float32), 'taskGrammarEntropies': array(3.1676972, dtype=float32)}
{'taskLogProductions': array([-0.0950277 , -0.08391044, -0.03213192,  0.00868358, -0.2862115 ,
        0.15612443, -0.17355722, -0.14343767,  0.23009941, -0.01877642,
       -0.11658513, -0.08708427, -0.15185618, -0.10300669, -0.03822222,
       -0.02440041, -0.0367342 , -0.04704953,  0.037729  , -0.40352508,
       -0.22996834,  0.01580979, -0.2571498 , -0.02072027], dtype=float32), 'taskGrammarEntropies': array(3.169347, dtype=float32)}
{'taskLogProductions': array([-0.045988  , -0.09046008,  0.02648759,  0.00870285, -0.18260354,
        0.15756658, -0.12813021, -0.14039245,  0.19025871,  0.03735113,
       -0.08181313, -0.13923559, -0.09864191, -0.07601072, -0.05980103,
       -0.06220248, -0.01480866, -0.08872249,  0.04479297, -0.36957332,
       -0.300326  ,  0.07291313, -0.24600503,  0.02897763], dtype=float32), 'taskGrammarEntropies': array(3.1700425, dtype=float32)}
{'taskLogProductions': array([-0.06521084, -0.01316468, -0.03525065, -0.01284531, -0.26381454,
        0.17033266, -0.2073341 , -0.09681208,  0.22215897, -0.03284407,
       -0.18324432, -0.14404163, -0.09751039, -0.08768839, -0.04690295,
       -0.07091343,  0.05860066, -0.07746032,  0.0657443 , -0.4221468 ,
       -0.19602948,  0.08981857, -0.31910664, -0.02321546], dtype=float32), 'taskGrammarEntropies': array(3.16801, dtype=float32)}
{'taskLogProductions': array([-0.13596934, -0.08077038, -0.02541293, -0.01517744, -0.2545341 ,
        0.20186052, -0.20847842, -0.14070429,  0.22679758, -0.02125781,
       -0.11976697, -0.13812533, -0.14507124, -0.04086239, -0.05987537,
       -0.06175958, -0.06054686, -0.02979489,  0.06181598, -0.418356  ,
       -0.26531938,  0.05551804, -0.29577634,  0.02083427], dtype=float32), 'taskGrammarEntropies': array(3.1677413, dtype=float32)}
{'taskLogProductions': array([-5.46461642e-02, -3.14757228e-04, -2.16493122e-02, -5.93729317e-04,
       -2.05419362e-01,  2.08845258e-01, -2.37664968e-01, -1.04945049e-01,
        2.04736143e-01,  3.11064497e-02, -1.92658246e-01, -1.60187572e-01,
       -7.46736750e-02, -3.82529348e-02, -7.51777589e-02, -3.93509716e-02,
        7.22308755e-02, -1.17986985e-01,  1.90817378e-02, -4.62170690e-01,
       -2.49567062e-01,  8.65468979e-02, -3.47760141e-01, -8.90582651e-02],
      dtype=float32), 'taskGrammarEntropies': array(3.1667113, dtype=float32)}
{'taskLogProductions': array([-0.01663041,  0.00986589,  0.01344727, -0.02613121, -0.23651478,
        0.21672979, -0.20241854, -0.04041758,  0.15867358, -0.03514566,
       -0.11333431, -0.10536403, -0.07598677, -0.06737325, -0.05819914,
        0.01618155,  0.08878163, -0.10581961,  0.01677769, -0.32585853,
       -0.17488825,  0.07786792, -0.30157667, -0.04853114], dtype=float32), 'taskGrammarEntropies': array(3.1700053, dtype=float32)}
{'taskLogProductions': array([-0.10187171, -0.0691293 , -0.07780594, -0.05130285, -0.26159084,
        0.20550191, -0.1658872 , -0.14425609,  0.202201  , -0.09224621,
       -0.1269512 , -0.1062771 , -0.10701919, -0.01624742, -0.05793072,
       -0.03221042, -0.03093676, -0.01228791,  0.08997452, -0.40715173,
       -0.26036596,  0.07320705, -0.27528128,  0.02042131], dtype=float32), 'taskGrammarEntropies': array(3.16845, dtype=float32)}
{'taskLogProductions': array([-0.01451302, -0.07101656, -0.03330685, -0.01141445, -0.18568346,
        0.18079475, -0.1689172 , -0.1828673 ,  0.1675553 ,  0.04174994,
       -0.1018431 , -0.17424113, -0.11628605, -0.04989526, -0.11936881,
       -0.00665963,  0.0196318 , -0.07033448,  0.06195975, -0.36597937,
       -0.2568624 ,  0.1396133 , -0.28755832, -0.00765935], dtype=float32), 'taskGrammarEntropies': array(3.169025, dtype=float32)}
{'taskLogProductions': array([-0.05460086,  0.02018683, -0.02863413, -0.03031243, -0.30791286,
        0.10519779, -0.13509986, -0.16669716,  0.20174295, -0.06228713,
       -0.13135786, -0.18517542, -0.11422737, -0.10316373,  0.00229017,
       -0.0390045 ,  0.06027633, -0.11170723,  0.11539208, -0.4790532 ,
       -0.20785205,  0.08004029, -0.26413614, -0.05001336], dtype=float32), 'taskGrammarEntropies': array(3.167969, dtype=float32)}
{'taskLogProductions': array([-0.1189657 , -0.1311279 , -0.01949734, -0.07242559, -0.2613281 ,
        0.13499558, -0.23205891, -0.19195113,  0.28885514, -0.15787408,
       -0.0900574 , -0.06381226, -0.116256  , -0.14867881, -0.06075203,
       -0.16185157,  0.00460667, -0.05396424,  0.02139679, -0.40191185,
       -0.20093575,  0.08730182, -0.29156393,  0.06224258], dtype=float32), 'taskGrammarEntropies': array(3.1671093, dtype=float32)}
{'taskLogProductions': array([-0.07974321, -0.05454504,  0.03261852, -0.00983503, -0.2681675 ,
        0.14629737, -0.18839556, -0.09900504,  0.19354269, -0.0017867 ,
       -0.18300885, -0.12455038, -0.11279504, -0.11585288, -0.00943324,
       -0.05178586,  0.0816803 , -0.07383358,  0.09661343, -0.3334197 ,
       -0.19223967,  0.03133879, -0.2771877 , -0.04312468], dtype=float32), 'taskGrammarEntropies': array(3.1697316, dtype=float32)}
{'taskLogProductions': array([-0.02083366,  0.04433139, -0.00750925, -0.04722927, -0.21116659,
        0.21349004, -0.22322805, -0.05231595,  0.12893528, -0.04634484,
       -0.11836452, -0.11341598, -0.04972493, -0.04680583, -0.05929707,
        0.05376705,  0.100059  , -0.09530793,  0.01625738, -0.35475254,
       -0.18227576,  0.03462204, -0.28125882, -0.06594442], dtype=float32), 'taskGrammarEntropies': array(3.1701696, dtype=float32)}
{'taskLogProductions': array([-0.04285616, -0.0273192 ,  0.00435185, -0.0170784 , -0.19878244,
        0.19384769, -0.20171547, -0.10787287,  0.17626895, -0.01975521,
       -0.11346877, -0.12467725, -0.07081057, -0.00577396, -0.08349627,
       -0.00470002,  0.02186283, -0.07163733,  0.05583018, -0.32635948,
       -0.22601259,  0.05238862, -0.2748646 , -0.0541418 ], dtype=float32), 'taskGrammarEntropies': array(3.17057, dtype=float32)}
{'taskLogProductions': array([-0.08659355, -0.05412092,  0.01545189, -0.02842715, -0.23807499,
        0.23464048, -0.20965469, -0.11830802,  0.21793666, -0.01590582,
       -0.08181939, -0.10771588, -0.10668734, -0.02680662, -0.0585162 ,
       -0.02037788,  0.0042097 , -0.08649   ,  0.04510625, -0.29867387,
       -0.23470473,  0.01766307, -0.29604822, -0.01344582], dtype=float32), 'taskGrammarEntropies': array(3.1694088, dtype=float32)}
{'taskLogProductions': array([-0.05180959, -0.00436933,  0.01164396, -0.01566865, -0.2211357 ,
        0.2271432 , -0.2289876 , -0.08100232,  0.17400748, -0.07534438,
       -0.1443592 , -0.1031443 , -0.05779026, -0.03187565, -0.04331239,
        0.01220033,  0.06382912, -0.06299419,  0.03192972, -0.34064594,
       -0.18524393,  0.02806254, -0.28427273, -0.04826233], dtype=float32), 'taskGrammarEntropies': array(3.169894, dtype=float32)}
{'taskLogProductions': array([ 0.00999824,  0.08773842, -0.02246698, -0.05417507, -0.21086544,
        0.25247997, -0.15821958, -0.09558012,  0.10254403, -0.00067585,
       -0.12063741, -0.09582544, -0.06277197, -0.0366651 , -0.08191323,
        0.07118616,  0.0602196 , -0.10516124,  0.02089726, -0.3384353 ,
       -0.24347338, -0.01325586, -0.27142817, -0.01705177], dtype=float32), 'taskGrammarEntropies': array(3.1698759, dtype=float32)}
{'taskLogProductions': array([-0.03438851,  0.01196957, -0.00374107, -0.02387597, -0.19782966,
        0.22091997, -0.17757207, -0.08666733,  0.13567068, -0.01395767,
       -0.14709301, -0.08696391, -0.05504272, -0.0066279 , -0.12083593,
        0.08571362,  0.03140488, -0.04478204,  0.01253761, -0.31945938,
       -0.2067815 ,  0.041095  , -0.23553231, -0.04485903], dtype=float32), 'taskGrammarEntropies': array(3.1709657, dtype=float32)}
{'taskLogProductions': array([-0.05593088, -0.08071447,  0.0339601 , -0.04440875, -0.21723744,
        0.20615768, -0.24787417, -0.11294873,  0.24209431, -0.05397429,
       -0.07687726, -0.07062612, -0.0851638 , -0.05512524, -0.06491715,
       -0.08654609,  0.01737651, -0.0409245 ,  0.05550247, -0.30222505,
       -0.21529843,  0.03118345, -0.30273706, -0.0361054 ], dtype=float32), 'taskGrammarEntropies': array(3.1693983, dtype=float32)}
{'taskLogProductions': array([-0.03081322,  0.02203709, -0.03514333, -0.02767429, -0.18890813,
        0.2352157 , -0.19496691, -0.10082668,  0.14331576, -0.02874146,
       -0.1458459 , -0.07785771, -0.0706403 ,  0.01259037, -0.11030343,
        0.04544529,  0.04130153, -0.05316598,  0.05077593, -0.3073877 ,
       -0.22884715,  0.05251962, -0.26444897, -0.01062377], dtype=float32), 'taskGrammarEntropies': array(3.170366, dtype=float32)}
{'taskLogProductions': array([-0.04194663, -0.02487048,  0.00562083,  0.00284837, -0.20267841,
        0.19126165, -0.20303968, -0.10100345,  0.16990042, -0.05647089,
       -0.16161531, -0.05295818, -0.08480017, -0.03824313, -0.07395421,
       -0.0036144 ,  0.04072885, -0.03712212,  0.05386789, -0.3207502 ,
       -0.2057724 ,  0.0422868 , -0.3026701 , -0.03955968], dtype=float32), 'taskGrammarEntropies': array(3.170564, dtype=float32)}
{'taskLogProductions': array([-0.04799579, -0.03199005,  0.0072568 , -0.02779865, -0.16898385,
        0.18875432, -0.21269535, -0.11634815,  0.16629182, -0.01017895,
       -0.10710528, -0.0855921 , -0.07159151, -0.02309497, -0.0836629 ,
        0.0097107 ,  0.03398181, -0.04658134,  0.04265423, -0.30899942,
       -0.21508746,  0.04675922, -0.24881603, -0.04131177], dtype=float32), 'taskGrammarEntropies': array(3.1713753, dtype=float32)}
{'taskLogProductions': array([-0.02642419, -0.00970641, -0.00370065, -0.02885573, -0.19622251,
        0.21450394, -0.22674072, -0.08890764,  0.16070867, -0.00938476,
       -0.12440323, -0.06304712, -0.10635483, -0.07231522, -0.07278609,
        0.00579212,  0.06982419, -0.05639097,  0.04067357, -0.32318088,
       -0.19391282,  0.03301503, -0.29753828, -0.0496117 ], dtype=float32), 'taskGrammarEntropies': array(3.1703844, dtype=float32)}
{'taskLogProductions': array([-0.0443428 , -0.04660083,  0.02041818, -0.03932164, -0.1776876 ,
        0.24864239, -0.24383828, -0.08568422,  0.19086428, -0.02412833,
       -0.12113591, -0.10087224, -0.0352308 , -0.05296367, -0.07273966,
       -0.03269279,  0.0823741 , -0.07670673,  0.00355595, -0.3709085 ,
       -0.20425636,  0.09849116, -0.3197707 ,  0.005081  ], dtype=float32), 'taskGrammarEntropies': array(3.1685426, dtype=float32)}
{'taskLogProductions': array([-0.06901088, -0.09469187, -0.02226947, -0.01109852, -0.23752505,
        0.180753  , -0.23296201, -0.15634201,  0.22472644, -0.05087378,
       -0.09219813, -0.09455188, -0.10009721, -0.06297603, -0.05856487,
       -0.09175073,  0.01292923, -0.0283148 ,  0.0791597 , -0.37694505,
       -0.23809446,  0.06616384, -0.29291832,  0.04631677], dtype=float32), 'taskGrammarEntropies': array(3.1685956, dtype=float32)}
{'taskLogProductions': array([-0.03639363, -0.00875049, -0.05551582, -0.01473077, -0.29347044,
        0.20133087, -0.18682675, -0.01447362,  0.2058299 , -0.04930169,
       -0.16381991, -0.12269276, -0.10087306, -0.03144538, -0.07295258,
       -0.05822359,  0.00722858, -0.02802226,  0.12944749, -0.34212407,
       -0.22708948,  0.11713499, -0.28228098, -0.02997856], dtype=float32), 'taskGrammarEntropies': array(3.1684268, dtype=float32)}
{'taskLogProductions': array([-0.06536429, -0.00857289, -0.05258157, -0.00351145, -0.21846008,
        0.18586358, -0.15681988, -0.12087566,  0.1592715 , -0.01425145,
       -0.20064247, -0.11136746, -0.09633801, -0.0390009 , -0.09592164,
       -0.01777662, -0.02922355,  0.0004538 ,  0.09523541, -0.3647106 ,
       -0.24329603,  0.0701101 , -0.26987815,  0.00221573], dtype=float32), 'taskGrammarEntropies': array(3.1698658, dtype=float32)}
{'taskLogProductions': array([-0.05547389, -0.05073769, -0.02798573, -0.03253585, -0.3014664 ,
        0.16111618, -0.15314591, -0.06788032,  0.22250971, -0.04287314,
       -0.01092937, -0.10755005, -0.14012754, -0.03282791, -0.02674218,
       -0.04604948,  0.01125041, -0.12077343,  0.07963574, -0.31977674,
       -0.2376515 ,  0.01866082, -0.2852329 , -0.02779803], dtype=float32), 'taskGrammarEntropies': array(3.1698864, dtype=float32)}
{'taskLogProductions': array([-0.04955497, -0.01632742, -0.08195636, -0.01686503, -0.20956159,
        0.12593618, -0.12647045, -0.11806964,  0.14386898,  0.03139643,
       -0.12457303, -0.161176  , -0.1234528 , -0.02357871, -0.0521487 ,
        0.00931401, -0.00898192, -0.0314092 ,  0.1385345 , -0.3773843 ,
       -0.25237477,  0.0809429 , -0.25039482, -0.00152637], dtype=float32), 'taskGrammarEntropies': array(3.1703606, dtype=float32)}
{'taskLogProductions': array([-0.03671524,  0.04948346, -0.06842183,  0.05817266, -0.35970625,
        0.17852017, -0.18429348, -0.00951214,  0.18673573, -0.02125397,
       -0.20141733, -0.0776845 , -0.13603675, -0.08122288, -0.04887001,
       -0.02538882,  0.05003617, -0.04035595,  0.11878179, -0.44427305,
       -0.18176508,  0.06242004, -0.34973586, -0.09765162], dtype=float32), 'taskGrammarEntropies': array(3.166625, dtype=float32)}
{'taskLogProductions': array([-0.07144617, -0.0733372 , -0.02912517,  0.00610834, -0.38426957,
        0.16179675, -0.2083588 , -0.09676996,  0.286308  , -0.08967827,
       -0.1171413 , -0.06021636, -0.18051474, -0.14928317, -0.01713725,
       -0.11622854,  0.03165482, -0.0372184 ,  0.15221108, -0.35444784,
       -0.1736967 ,  0.06352686, -0.32777822, -0.05457653], dtype=float32), 'taskGrammarEntropies': array(3.1660888, dtype=float32)}
{'taskLogProductions': array([-0.06281784, -0.06563217, -0.09774017, -0.00813828, -0.18554932,
        0.06860448, -0.09112252, -0.19205013,  0.15285535,  0.07317688,
       -0.11779942, -0.15142563, -0.13934124,  0.00872117, -0.05531563,
        0.04739584,  0.03824282, -0.06218324,  0.18941462, -0.39269602,
       -0.23895672, -0.04394848, -0.23856902, -0.03529014], dtype=float32), 'taskGrammarEntropies': array(3.169937, dtype=float32)}
{'taskLogProductions': array([-0.09610469, -0.06197697, -0.07552046,  0.04014127, -0.26554823,
        0.15190572, -0.09894162, -0.20866543,  0.19453216, -0.00336378,
       -0.14050621, -0.08828383, -0.16879317, -0.04102783, -0.02536726,
        0.01397833,  0.01362263, -0.06979502,  0.08561794, -0.43318594,
       -0.26725137,  0.10204659, -0.26886863, -0.00084914], dtype=float32), 'taskGrammarEntropies': array(3.1681573, dtype=float32)}
{'taskLogProductions': array([-0.11519049, -0.03139079, -0.0743656 ,  0.00087686, -0.22319657,
        0.1763764 , -0.15687233, -0.16709599,  0.1551353 , -0.00709606,
       -0.12787592, -0.09068783, -0.15239501,  0.0039101 , -0.08725038,
        0.00307194, -0.0581255 ,  0.01180933,  0.09855533, -0.3487969 ,
       -0.28317565,  0.06704842, -0.24329361,  0.00689979], dtype=float32), 'taskGrammarEntropies': array(3.1698656, dtype=float32)}
{'taskLogProductions': array([-0.05061973, -0.03107744,  0.04279411,  0.0333405 , -0.16395366,
        0.08293249, -0.15445703, -0.14986071,  0.17868415, -0.03302341,
       -0.11473846, -0.1629567 , -0.14063163, -0.08806764, -0.12311617,
       -0.06958121, -0.04571925, -0.01655571,  0.06121431, -0.3142664 ,
       -0.25339773,  0.05342939, -0.24560408,  0.00591958], dtype=float32), 'taskGrammarEntropies': array(3.171453, dtype=float32)}
{'taskLogProductions': array([-0.07439321, -0.09213277, -0.00834161,  0.00828388, -0.30266967,
        0.17398018, -0.15046154, -0.107159  ,  0.2511842 , -0.02438167,
       -0.09224347, -0.08658092, -0.17058247, -0.08910957,  0.01701319,
       -0.06967366, -0.02146802, -0.02737442,  0.15245028, -0.29714167,
       -0.27031612,  0.0685475 , -0.25991312, -0.0146704 ], dtype=float32), 'taskGrammarEntropies': array(3.1683576, dtype=float32)}
{'taskLogProductions': array([-0.0310367 , -0.02803899, -0.04317237,  0.0268385 , -0.30366498,
        0.14955467, -0.17446278, -0.06350303,  0.21921042, -0.05752442,
       -0.15327704, -0.09933477, -0.117178  , -0.08998846, -0.05051912,
       -0.07869042, -0.01220191, -0.02404393,  0.12307063, -0.354287  ,
       -0.21648034,  0.0836755 , -0.28842306, -0.05331923], dtype=float32), 'taskGrammarEntropies': array(3.169013, dtype=float32)}
{'taskLogProductions': array([-0.0612125 ,  0.06152483, -0.05725712, -0.01870991, -0.14888436,
        0.19952223, -0.16241   , -0.16871166,  0.07424164,  0.05269787,
       -0.20267585, -0.10935023, -0.09694739, -0.03972664, -0.05948426,
        0.05298652,  0.00629967,  0.00972504, -0.00974929, -0.47573483,
       -0.30000377,  0.063685  , -0.34934944,  0.01102884], dtype=float32), 'taskGrammarEntropies': array(3.1680338, dtype=float32)}
{'taskLogProductions': array([-0.08673207, -0.07046706,  0.0221449 ,  0.01214237, -0.225131  ,
        0.2024611 , -0.18565677, -0.05706555,  0.2005648 ,  0.02882332,
       -0.1203156 , -0.14077812, -0.11614895, -0.03058714, -0.00722078,
       -0.09074248,  0.00197782, -0.0855162 ,  0.04081703, -0.37794334,
       -0.29735288,  0.07464724, -0.286008  , -0.03801025], dtype=float32), 'taskGrammarEntropies': array(3.168666, dtype=float32)}
{'taskLogProductions': array([-0.04131481, -0.06653643, -0.11495823,  0.01305449, -0.17556286,
        0.12098449, -0.09849143, -0.18414216,  0.14089172, -0.00436614,
       -0.17237623, -0.12467723, -0.07902497,  0.00058849, -0.06592442,
        0.02332072, -0.01624172, -0.01310931,  0.15760162, -0.40949717,
       -0.2809016 ,  0.12688118, -0.25535172,  0.02171005], dtype=float32), 'taskGrammarEntropies': array(3.169196, dtype=float32)}
{'taskLogProductions': array([-0.1229572 , -0.10694831, -0.04199303, -0.02985771, -0.22887602,
        0.13616197, -0.2404561 , -0.1562571 ,  0.24131696,  0.04349694,
       -0.03840159, -0.01909802, -0.2015634 , -0.14618379, -0.04868881,
       -0.09665385,  0.01918657, -0.00769871,  0.09955302, -0.31381768,
       -0.25379324,  0.05634148, -0.27607024, -0.02397919], dtype=float32), 'taskGrammarEntropies': array(3.1687002, dtype=float32)}
{'taskLogProductions': array([-0.04270395, -0.12086781, -0.03001809, -0.05067549, -0.2822857 ,
        0.17612195, -0.24601188, -0.06176022,  0.31124625, -0.07178808,
       -0.10086658, -0.19012278, -0.07005892, -0.03895675, -0.09905855,
       -0.08501069,  0.01468928, -0.04119931,  0.10559816, -0.37780735,
       -0.19045654,  0.10391991, -0.25326627,  0.03821872], dtype=float32), 'taskGrammarEntropies': array(3.166692, dtype=float32)}
{'taskLogProductions': array([-0.09575485, -0.08490982, -0.00740763,  0.03357632, -0.19402134,
        0.20676744, -0.18293211, -0.07791289,  0.19516625,  0.01218027,
       -0.15521152, -0.08588234, -0.09207863, -0.03800112, -0.06136902,
       -0.11309202, -0.0361664 , -0.04449043,  0.07732894, -0.36873132,
       -0.28964117,  0.07445491, -0.2969518 , -0.01834588], dtype=float32), 'taskGrammarEntropies': array(3.1688883, dtype=float32)}
{'taskLogProductions': array([-0.15563405, -0.07316286, -0.03462145,  0.001131  , -0.24072301,
        0.15937808, -0.21341385, -0.18133567,  0.14934331, -0.04937743,
       -0.03917603, -0.03932431, -0.14586607, -0.03236254, -0.05233262,
       -0.03265943, -0.05584018, -0.01821439,  0.06358672, -0.37803805,
       -0.2583701 ,  0.05433235, -0.25264543,  0.09404922], dtype=float32), 'taskGrammarEntropies': array(3.1696763, dtype=float32)}
{'taskLogProductions': array([-0.08913142,  0.04626301, -0.08619022, -0.00641181, -0.2069729 ,
        0.20935577, -0.10978464, -0.1120344 ,  0.10940739,  0.12440531,
       -0.20404191, -0.14104953, -0.13247943, -0.03557177, -0.09490511,
        0.03849585, -0.06547885, -0.01539971,  0.05815423, -0.411941  ,
       -0.29402417,  0.05014522, -0.2611739 , -0.04010198], dtype=float32), 'taskGrammarEntropies': array(3.1686282, dtype=float32)}
{'taskLogProductions': array([-0.0437822 , -0.04506306, -0.04111616, -0.02941406, -0.27959815,
        0.17799649, -0.20806235, -0.09737094,  0.22642344, -0.06815357,
       -0.13716649, -0.15157342, -0.09427822, -0.06677061, -0.07939772,
       -0.06792337,  0.00144813, -0.03209952,  0.10280281, -0.34032506,
       -0.22071546,  0.10651797, -0.2741789 ,  0.02198531], dtype=float32), 'taskGrammarEntropies': array(3.168755, dtype=float32)}
{'taskLogProductions': array([-0.04214969,  0.03301839, -0.03135476, -0.04117053, -0.10395035,
        0.2531964 , -0.20142382, -0.11701766,  0.08683937,  0.10471614,
       -0.20862308, -0.15563215, -0.08020503, -0.08484191, -0.08673385,
       -0.00573345,  0.00536881,  0.00294952, -0.03213734, -0.43513837,
       -0.30796757,  0.13404123, -0.29970977,  0.03593469], dtype=float32), 'taskGrammarEntropies': array(3.1673725, dtype=float32)}
{'taskLogProductions': array([-0.06435405, -0.05706576, -0.03368093, -0.03574006, -0.30640107,
        0.18223241, -0.20669508, -0.05843914,  0.24013162, -0.11827786,
       -0.05418884, -0.06873771, -0.11289626, -0.03764932, -0.04309599,
       -0.05221586,  0.03978997, -0.0352222 ,  0.09518269, -0.31411567,
       -0.18409592,  0.10994409, -0.2519545 ,  0.00961932], dtype=float32), 'taskGrammarEntropies': array(3.1691673, dtype=float32)}
{'taskLogProductions': array([-0.09438239, -0.1450082 ,  0.0106368 , -0.0323687 , -0.25028825,
        0.19928783, -0.26637143, -0.15879902,  0.28931174, -0.0786979 ,
       -0.05443232, -0.10168441, -0.12084753, -0.14701857, -0.05233395,
       -0.15786886,  0.02908619, -0.12826389,  0.00208646, -0.43545341,
       -0.24927744,  0.07851332, -0.2841386 ,  0.06391156], dtype=float32), 'taskGrammarEntropies': array(3.165723, dtype=float32)}
{'taskLogProductions': array([-0.11858973, -0.12676036, -0.05946077, -0.04653409, -0.31510848,
        0.18025261, -0.26225525, -0.13687155,  0.2821517 , -0.16986305,
       -0.12721556, -0.0624833 , -0.11241371, -0.18152747, -0.06342554,
       -0.14731362,  0.00972386, -0.02662965,  0.05181299, -0.46058962,
       -0.16621363,  0.10338923, -0.28151557,  0.08542153], dtype=float32), 'taskGrammarEntropies': array(3.1653216, dtype=float32)}
{'taskLogProductions': array([-0.13948551, -0.1159445 , -0.00933725, -0.06407838, -0.24289304,
        0.1736112 , -0.26770172, -0.21983685,  0.22934651, -0.15383026,
       -0.0749263 , -0.07281459, -0.1063598 , -0.16634473, -0.07799722,
       -0.11434872, -0.01735892, -0.04803365, -0.0291204 , -0.44852078,
       -0.18259019,  0.10314804, -0.28648493,  0.09728149], dtype=float32), 'taskGrammarEntropies': array(3.167072, dtype=float32)}
{'taskLogProductions': array([-0.08473457, -0.14109984, -0.02484887, -0.05942465, -0.31526497,
        0.19290668, -0.25249225, -0.09355164,  0.30371466, -0.16643134,
       -0.10954627, -0.13349417, -0.09356723, -0.13092579, -0.04409811,
       -0.17446189,  0.0146437 , -0.08763454,  0.07477808, -0.38562256,
       -0.19897658,  0.14797632, -0.2787281 ,  0.07772008], dtype=float32), 'taskGrammarEntropies': array(3.1650615, dtype=float32)}
{'taskLogProductions': array([-0.12931207, -0.08627682, -0.04541715, -0.01017246, -0.27663475,
        0.16066852, -0.19327632, -0.16398503,  0.23346993, -0.06927425,
       -0.09785905, -0.03220734, -0.16186944, -0.11355257, -0.06687438,
       -0.07911333, -0.02805257, -0.08012584,  0.02592283, -0.41410998,
       -0.23482499,  0.03619526, -0.2858861 ,  0.00394008], dtype=float32), 'taskGrammarEntropies': array(3.1687694, dtype=float32)}
{'taskLogProductions': array([-0.12942314, -0.10314318,  0.01241704, -0.05232874, -0.28965014,
        0.16943206, -0.26128334, -0.21335539,  0.2694708 , -0.08471813,
       -0.03011675, -0.09741618, -0.13896286, -0.14135814, -0.07339925,
       -0.12150823,  0.03516901, -0.15101367, -0.0435764 , -0.42749208,
       -0.22654298,  0.04736382, -0.29888895,  0.02123708], dtype=float32), 'taskGrammarEntropies': array(3.1667027, dtype=float32)}
{'taskLogProductions': array([-0.09648842, -0.11141292, -0.01601471, -0.04327859, -0.30975637,
        0.16539702, -0.23833646, -0.18098396,  0.30046505, -0.09603823,
       -0.10432954, -0.09961321, -0.16360708, -0.15824902, -0.05162024,
       -0.1348078 ,  0.03594767, -0.12949368,  0.0276027 , -0.41777265,
       -0.22008082,  0.08026777, -0.31421414,  0.05079491], dtype=float32), 'taskGrammarEntropies': array(3.165694, dtype=float32)}
{'taskLogProductions': array([-0.10136954, -0.11829684, -0.03761876,  0.03467162, -0.3429953 ,
        0.1219784 , -0.16817243, -0.10098159,  0.27217478, -0.01178655,
       -0.12833658, -0.08877962, -0.19039708, -0.07289751, -0.00560582,
       -0.11928968, -0.02146171, -0.02565372,  0.19556093, -0.3340358 ,
       -0.23125562,  0.04192487, -0.3122735 , -0.04802256], dtype=float32), 'taskGrammarEntropies': array(3.1669004, dtype=float32)}
{'taskLogProductions': array([-0.07337444,  0.03762031, -0.05897636, -0.04705017, -0.29851145,
        0.21572986, -0.23839563, -0.09166442,  0.16671705, -0.02940463,
       -0.11370116, -0.10842348, -0.1337536 , -0.03004103, -0.06387572,
       -0.08476424,  0.01884718, -0.06041016,  0.11324964, -0.36914554,
       -0.21725857,  0.06182404, -0.28729516, -0.044545  ], dtype=float32), 'taskGrammarEntropies': array(3.168575, dtype=float32)}
{'taskLogProductions': array([-0.0775427 , -0.07269748, -0.03033316,  0.0306409 , -0.3341775 ,
        0.13386437, -0.13557392, -0.00812382,  0.22204453,  0.01555163,
       -0.09809059, -0.13769937, -0.14373404, -0.02153255, -0.02885594,
       -0.04173204, -0.00084616, -0.02722166,  0.18135738, -0.23241848,
       -0.23409104,  0.15986845, -0.26781926, -0.10815702], dtype=float32), 'taskGrammarEntropies': array(3.1686635, dtype=float32)}
{'taskLogProductions': array([-0.11244565, -0.13048926, -0.02105204, -0.02243118, -0.28289962,
        0.17558327, -0.24259472, -0.11880834,  0.26770973, -0.03678323,
       -0.03748832, -0.10773879, -0.155677  , -0.06941633, -0.06138395,
       -0.1250035 , -0.01598576, -0.06344009,  0.09718569, -0.30859882,
       -0.23819098,  0.0189402 , -0.23698105,  0.018516  ], dtype=float32), 'taskGrammarEntropies': array(3.1685925, dtype=float32)}
{'taskLogProductions': array([-0.05038765, -0.00475802, -0.04528465, -0.08051664, -0.22665218,
        0.22837922, -0.21381053, -0.06278649,  0.20450842, -0.0442672 ,
       -0.10837852, -0.16098109, -0.07404622, -0.01549422, -0.09550637,
       -0.04274958, -0.01302093, -0.06699008,  0.02306647, -0.3726467 ,
       -0.2458709 ,  0.04305357, -0.20871927,  0.04890184], dtype=float32), 'taskGrammarEntropies': array(3.169443, dtype=float32)}
{'taskLogProductions': array([-0.11853702, -0.05897296,  0.00235206, -0.00478629, -0.2616709 ,
        0.18343937, -0.2269303 , -0.07620071,  0.21843547, -0.01860388,
       -0.1077825 , -0.08364088, -0.13090754, -0.11916837, -0.06378695,
       -0.08113156,  0.02357961, -0.03500267,  0.07916901, -0.37245816,
       -0.18866464,  0.00967674, -0.2945739 , -0.03093001], dtype=float32), 'taskGrammarEntropies': array(3.1691732, dtype=float32)}
{'taskLogProductions': array([ 0.04367121, -0.01222996, -0.04055889, -0.03642545, -0.36750433,
        0.14343697, -0.06065062, -0.02153143,  0.2291745 ,  0.06762382,
        0.0586838 , -0.13774076, -0.15601955, -0.05085397,  0.00603022,
        0.09091632,  0.06702149, -0.11111916,  0.14410135, -0.25044754,
       -0.26741526,  0.04683921, -0.25667804, -0.13804817], dtype=float32), 'taskGrammarEntropies': array(3.1681275, dtype=float32)}
{'taskLogProductions': array([-0.1441504 ,  0.0127659 , -0.10313347,  0.00885551, -0.2949682 ,
        0.18178764, -0.22007142, -0.06119698,  0.18271041,  0.02727886,
       -0.17357966, -0.03628228, -0.20307077, -0.08174314, -0.01159313,
       -0.07269726, -0.00968303, -0.010556  ,  0.08233703, -0.43636888,
       -0.24192753,  0.04144284, -0.3359785 , -0.06271389], dtype=float32), 'taskGrammarEntropies': array(3.1673353, dtype=float32)}
{'taskLogProductions': array([-0.09055578,  0.03823116, -0.06536119,  0.04533014, -0.335229  ,
        0.1924415 , -0.1702294 , -0.02602609,  0.17812786,  0.01443898,
       -0.20432633, -0.113945  , -0.17316794, -0.10424639,  0.00333045,
       -0.0602406 ,  0.03988586, -0.08971268,  0.08515148, -0.4986107 ,
       -0.20406902,  0.09265935, -0.35329193, -0.08498655], dtype=float32), 'taskGrammarEntropies': array(3.1658785, dtype=float32)}
{'taskLogProductions': array([-0.00458275, -0.00911939,  0.0167999 , -0.01818656, -0.38081512,
        0.1869682 , -0.20210671,  0.05930558,  0.25652173,  0.02044749,
       -0.09184921, -0.1386823 , -0.11541289, -0.06816289, -0.05999164,
       -0.12750323,  0.04162019, -0.02701557,  0.24422291, -0.19461626,
       -0.19761008,  0.04817928, -0.29147857, -0.11700555], dtype=float32), 'taskGrammarEntropies': array(3.1667047, dtype=float32)}
{'taskLogProductions': array([-0.07666939, -0.05372179,  0.01344682,  0.02056465, -0.3054855 ,
        0.2312598 , -0.18889405, -0.01450475,  0.23502894,  0.01596767,
       -0.07723285, -0.12844533, -0.1984879 , -0.05856048, -0.05281837,
       -0.11186041, -0.03018522, -0.1263744 ,  0.01503283, -0.39425045,
       -0.24636672,  0.04004379, -0.3099128 , -0.06225865], dtype=float32), 'taskGrammarEntropies': array(3.1672316, dtype=float32)}
{'taskLogProductions': array([-0.10623235, -0.04709021, -0.0106343 , -0.09089739, -0.19868502,
        0.17452106, -0.24040364, -0.22316536,  0.21709508,  0.03643765,
       -0.04207119, -0.15536445, -0.09456041, -0.11181188, -0.05338642,
       -0.11425281,  0.02304903, -0.07490821,  0.06012052, -0.35335243,
       -0.25213435, -0.04469609, -0.29605058,  0.01565874], dtype=float32), 'taskGrammarEntropies': array(3.1688764, dtype=float32)}
{'taskLogProductions': array([ 0.02800599, -0.06106471, -0.03915965, -0.0581921 , -0.2288599 ,
        0.23661977, -0.18192334, -0.07937764,  0.2794322 ,  0.03555296,
       -0.1006908 , -0.24382862, -0.08145841,  0.01507672, -0.12246428,
        0.05055962,  0.00313798, -0.10584513,  0.00105999, -0.39280677,
       -0.2834514 ,  0.14784062, -0.21692583,  0.02318302], dtype=float32), 'taskGrammarEntropies': array(3.1661162, dtype=float32)}
